87084
37341e
2397
850c02-f2
67196k04
41850
6247
2524
t1028
32ac01
17979
40243
31561
2709
19730
79566
32529
17134
u9331
11090
32199
87601
85546
30144
3195
98393j
429c01
u7032
843
185c01
2457
50029
95228
18859
u8003b
3942b
26604
57046e
87321
15530
79808
16646
18854
715c02
4872
2514
19118
30293
67196k02
30938
87569
7808
24417
37365
58124c01
777
31215
67440
21767-f1
1745
33054
52036
77309
41948
4220b
67100p01k01
50373
164c01
30222
24482
3596
99301
7037
3137c03
711
65734
38317
6538b
30088
6270
6041
88284
64567ac02
50018c
4809
15391
2374b
14418
7797
85941
48298
47899c04
2432
781
u8008b
50305
6179
80222
3937
u7022
6098
43418-f1
2924bc02d01
35017c01
65766
44374
13809
57585
2547b
u9236c02
30388
30135
15680
22750
15107
821b
19475-f2
t43100
11062
32324
