0901,0902,0903,0904,1,10039,10040c01,10048,10049,10050,10051,10052
10053,10054,10055,10057,10058,10066,100662,100811,10089c01,100907,100937,100942
100943,10095,101117,1011297,10113,1011322,1011355,10124,10126,10127,10128p01c01,10130c01
101347,1015152,10152,10154,10164,10168,10169,10170,10172,101777,10177b,10178
10183,10187,10190,10197,10199,10201,10202,1021704,1022657,102285,1022968,1023000
1023035,10247,102498,10288,10303,10304,10305,10312,10314,10350c01,10350p02c01,10352c01
10354c01,103671-f1,103671-f2,104,10498,10509,10509p02,105162,105181,105191,105196,10531
105645,10661,10677,10679b,10715,10715p01,10715p02,10830,10830p01,10884,10907,10908
10928,109373,109866,10a,10b,11002,11010,110100,110100p04,11015,11055,11062
110638,11089,11090,11091,11092,11094,11096,11097,11100,11103,11126,11127
111388,11153,11156,11169,11170,11187a,11198,112,11202,11203,11208,11208c01
11209,11211,11212,11213,11214,11215,11216,11217,11233,11237,11241,11244
11245,11250,11252,11253,11255,11256,1126,11262,11263,11264,11267,11272
11289,11290,11291,11293,11293c01,11295,11297,11299,11303,11303c01,11305,11344
11345,11377,11391,11399,11403,11407,11408,11418,11437,11438,11439,11455
11459,11476,11477,11478,11538,115551,11568,11575,11598,11601,11602,11603
11605,11609,11610,116165,116165p01,11618,11640,11641,11767,11777,11778,11833
11938,11946,11947,11949,11950,11953,11954,11955,11957,122c01,122c02,122c03
122c04,122c05,122c06,122c07,12589c01,12589c02,12589c03,12602,12607,12609,12618,12622
12622p01,12622p02,12799,127c01-f1,127c01-f2,127c02-f1,127c02-f2,127c03-f1,127c03-f2,12818,12825,12884
12884c01,12884c02,12885,12888,12889,12890,12891,12893,12894,12895,12896,12896p01
12897,12899,12939,13195,13251,13252,13252ds0,13269,13349,13358,13359,13392
13393,13459,13459d01,13543,13547,13548,13549,13564,13565,13571,13608,13665
13670,13731,13746,13750,13754,13760,13760c01,13760c02,13766,13770,13784,13785
13786,13787,13788,13789,13790,13792,13793,13808,13809,13952,13965,13971
13971c01,14045,1410,1411,14137,14149,14181,14222,14295,14295c01,14395,14397
14413,14417,14418,14419,14520,14533,14639,14639p01,14639p02,14639p03,14639p04,14639p05
14639p06,14639p07,14653-f1,14653-f2,14657-f1,14657-f2,14661-f1,14661-f2,14682,14696,14704,14707
14716,14718,14719,14720,14721,14732,14734,14736,14769,14918,15,15038
15038c01,15064,15068,15068dy9,15068dya,15070,15071,15082,15086,15092,15100,15107
15118,15207,15208,15209,15210,15211,15254,15279,15284,15303,15314,15315c01
15327,15332,15341,15361,15362,15379,15391,15391c01,15391c02,15392,15395,15396
15396c01,15396c02,15397,15400,15400c01,15403,15403c01,15403c02,15406,15407,15411,15413
15423,15424,15427,15428,15429,15437,15439,15443,15444,15446,15449,15450
15455,15456,15458,15459,15460,15461,15462,15466c01,15466p01c01,15469,15470,15490
15496,15500,15501,15503,15504,15515,15516,15522,15523,15524,15525,15526
15527,15529,15530,15533,15534,15535,15536,15537,15540,15547,15551,15553
15555,15556a,15557,15561,15570,15571,15573,15580,15582,15587,15588,15601
15602,15606,15619,15623,15624,15625,15626,15627,15646,1566,15672,15673
15675,15677,15678,15680,1569,1570,15706,15712,15745,15790,15793,15851
15864,15875,15967,16091,1613,16175,16178,16178p02,1621,16360,16375,16477
16497,164c01,164c01d01,164c01d02,164c01d03,164c02,16529,16530,16577,16599,1661-f1,1661-f2
16615,16616,16646,16685,16686,16709,16770,16820,16820c01,1686,16925,16965
16968,16981,17,17010,17018,170c01,17114,17134,17141,17349,17351,1744
1745,17454,17454c01,17454c02,17457,1746,1747,1748,17485,1749,1750,1751
17514,1756,1762,17630,17964,17979,18031,18034,18041,18165,18171,18200
18200c01,18228,18277,182c01,182c01d01,18384,18386,18394,18395,18396,18450,18455
1846,1849,18585,18590,18591,185c01,185c01d01,185c01d02,185c01d03,185c02,18601,18603c01
18603c02,18626,18646,18649,18651,18652,18653,18654,18663,18671,18673,18674
18675,18677,1871,1872,18729,18738,1874,18742,18746,18759,18783,18788
18789,18791,187c01,1881,18814,18816,18826,18835,18836,18838,18841,18853
18854,18857,18859,18860,18862,18863,18870,18892,18895,18895c01,18896,18897
18904,18904c01,18905,18906,18909,18910,18912,18913,18920,18922,18926,18927
18937,18940,18944,18945,18946,18947,18948,18955,18969,18970,18972,18973
18974,18975,18976,18976c01,18977,18978a,18978b,18979a,18980,18986,18990,189c01
19001,19001p01,19063,19066c01,19071,19079,19118,19119,19119c01,19119c02,19121,19141
19159,191764,191765,191766,191767,19179,19193,19201,19203,19203p01,19203p02,19204
19206,19212,19215,19220,1936,1937,1938,1939,1942,19466c01,19467c01,19474-f1
19474-f2,19474-f3,19475-f1,19475-f2,19476-f1,19476-f2,19478-f1,19478-f2,19482-f1,19482-f2,19727,19729
19730,19732,19734,1974,19789,19859,19916,19917,1994,19952,19953,1997
2,2003,20033,20033c01,20033c02,20302-f1,20302-f2,20308,20309,20310,20312,20313
20379,2038,20380,20381,2038d02,2039,20398,2040,20401,2041,2042,2042c01
2042c02,2042c03,2043,20430,2044,2044c01,2045,20455,20474,2048,20482,20546
20551,20551c01,20592,20595,20596,20597,20606,20606p01,20606p02,20606p03,20606p04,20606p05
20606p06,20612,20684,20695,20841,20841c01,20844c01,20877,20904,20905,20950,20952
20953,21,210,21100,21229,21268,21269,21271,21301,2131,2142,21445
2145,21459,2146c01,21490,21490c01,21490c02,2156,21560,21599,21699,21700,21709a
21731,21755,21761-f1,21761-f2,21766-f1,21766-f2,21767-f1,21767-f2,21778,21787,21788,21825-f1
21825-f2,21826-f1,21826-f2,21828c01,21830-f1,21830-f2,21833-f1,21833-f2,21835-f1,21835-f2,21837-f1,21837-f2
21839-f1,21839-f2,21849,2187,21980,21980c01,21987,21996,22011,22020-f1,22020-f2,2205
2206,2207,2207c01,2208,2209,2210,2210c01,22119,22127,2214,22167,22168
22169,22169c01,22172,22253c02,22296,22380,22385,22387,22388,22390,22391,22392
22402,22407,22408,22409,2241,22410,22411,2246,22461,22463,22472,22483
22484,22578,22631,22667,2268,22749,22750,22881,22885,22886,22888,22889
22890,2291,22921,2294,2296,22961,22969a,22969ac01,22969ac02,22972,22973,2300
2301b,2302b,2310,23186,23306,23321,2332ac01,2335,2335d02,2336,2337,2338
2339,2340,23405,2340d01,2340d02,2340d0f,2340d0g,2341,2342,23422,2343,23443
23444,23448,2345,2346,2347,2348a,2348b,2349a,2349b,2350a,2350b,2351
2352,2356,2357,2358,2359,2360,2361,2361p03,2362a,2362b,23714,2372c01
2372c01d01,2374b,2375,2376,23766,23769,2377,23798,23799,23800,23800c01,23801
23816a,23816c01,23816c02,2383c01,23860,2387,23893,23922,23922c01,23922c02,23930,23945
23948,23949,2395,23950,23969,2397,23986,2399,23996,23997,23998,23999
2399d01,2399dt0,2400,24008,2401,24010,24014,2403,2405,24054,24067,24068
24073,24074,24076,24077,24078,2408,24082,24083,24085,24087,24088,2409
24093,24093d01,24093p02,24108,24116,24116d01,24116d02,24116d03,24116d04,24118,24120,24121
24121d01,24121d02,24121d03,24129,2412a,2412b,2413,24130,24131,24132,24133,2415
24151,2415c01,2417,24179,2418a,2418b,2419,24190,24196,24199,2420,24201
24204,2421,2422,2423,24230,24239,2424,24246,24248,2426c01,2426c02,2428
2429,24299,242c01,2430,24307,24308a,24308b,24309,2431,24312,24316,24319
2432,24323,24324,24326,2433,2434,2435,2436a,2436b,2437,24375,2438
2439,243c01,2440,2441,24417,2442,2443,2444,24445,2445,2447b,2448
24482,2449,24496,244c01,244c02,244c03,2450,24504,24505,2452,2453a,2453b
2454a,2454b,2454bd03,2456,2457,2458,24581,2459,24593,24599,245c01,245c02
2460,24607,24607d02,2462,24629,2462d01,2463,24633,24634,24635,24636,2464
2465,2466,2467,2468,2470,2471,2473a,2474a,2475,2476a,2476b,24779
24782,2479,24807,2483,24849c01,2484c01,24852c01,24852c02,24854,24855,24855c01,24855c02
2486,24866,24869,2488,2488c01,2489,2490,2493a,2493b,2494,24943,24946
24947,2496,2497,2498,250,2500c01,2502,25059,25061,2507,2508,2509
25111,2512,25128,2513,2514,2515a,2515b,2516,2518,2518c01,25194,25195
25214,2523,2524,2525,2526,25264,25269,2527,25279,2527c01,2528a,2529
2530,2531,2532,2533c01,2535c01,2536a,2536b,2537,25375-f1,25375-f2,25375-f3,25376
25378,25386,2538c,2538d,2539,2540,25409,2541,25412,2542,2543,2544
2544c01,2545,25452c01,2546,2547a,2547ac01,2547ac02,2547b,2547bc01,2547bc02,2548,2549
2550,2550c01,2550c02,25516,2552,2554,25548,25549,2555,25550,25561c01,25561c02
2557c01,2557c02,2559c01,2559c02,2560,2561,25613,2562,2563a,2564,2566b,25672
2569,2570,2571,2571d06,2572,25727,2573,2574c01,2576,25767,2577,2578a
2578b,2579,2580,2580c01,2582,2583,2584,2585,2586,2587,2588,25892
25893a,2593,2594a,2594b,2596,25971,25972,25973,25975,25977,2598,2599a
26007,2601,26021,26021c01,26022,26045,26047,26050,26051,26056,2605c01,26066
26073,26074,26078,2607b,2607bc01,2609b,2609bc01,2609c,2609cc01,2609d,2609dc01,2610
2612,26139,2614,2617,2618,2619,2621,2623,2623d01,2623d02,2625,2627
2628,26280c01,26287,26288c01-f1,26288c01-f2,2629,263,2630,2631,2632,2633,2634c01
2634c02,2635,2635d01,2636,2637,2638,2639,2640,2641a,2641b,2641c,2642
26436-f1,26436-f2,26438-f1,26438-f2,26439-f1,26439-f2,2644,26440-f1,26440-f2,26445-f1,26445-f2,2645
2648,2648c01,2648c01-f1,2648c01-f2,2648c01-f3,2649,26490,2650,2651,2651c01-f1,2651c01-f2,2653
2654a,2654b,2655,26559,2656,26561,2657,26597,265bc01,26601,26603,26604
2662,26674-f1,26674-f2,266bc01,266bc02,2670,2671,2672,2674a,2674b,2674d,2674e
2674f,2677,2678,2680a,2680b,2681,2682a,26832,26835,2684c01,2686,2686c01
2686c02,2687,26910,26912c01,26913,26913c01,2694,2695,2695c01,2696,2697,2698
2698c01,2699,2699c01,2701,2701c01,2702,2703,27039,2705,27059,2706,27062
27063,2707,2708,2709,270c01,270c02,271,2711,2712,2713,27145,27149
2714a,2714b,2715,27150,27151,27152,2716,27165,27167,27168,2717,27186
2719,27191c01,272,2723,27254,27255,27256,27257,27259,27261,27262,27263
27266,2726c01,2726c02,273,2730,27328,2736,27372,27382,27385,27395,2739a
2741,2743,2744,27448,2744d03,2744d04,2745,27507,2756,2757,2758,276
2761c01,276c01,277,2772-f1,2772-f2,2772-f3,2775c01,2775c02,2775c03,2780,2791a,2792
27925,27928,27934,27938,2793c01-f1,2793c01-f2,2793c03,27940,27956,27965,2796c01,27976
2797c01-f1,2797c01-f2,2797c03,2799c01,27ac01,27bc01,27c,27cc01,2807,281,28125,2814
28145,2815,2817,28174,2819,28192,28192dy0,28192dy1,2821,28216,28220,2823
2825,2826,28263,28290,2832,28324,28326,28327,2833,28387,28424,2846
28466,2847,2847c02,2849c01,2849c01-f1,2849c01-f2,285,2850b,2851,2852,28533,28535
2853a,2853b,2853c,2854,2855,28551,2856,2857,28578,28588,28598,285c01
28618,28621,28653,2866,28660,28670,28681,28686,28696,2869c01,28732,28738
28739,2874,2875,2876,2876d01,2877,28779,2878,2878c01,2878c02,28798,28802
28809,28870,2889,2891,2892,28920,28925,28925c01,28925c02,28925c03,28925c04,28925c05
28925c06,28946,28948,28949,2894c01,28959,28964,28974a,28978,28981,28981c01,28981c02
290,2900,2901,2902,2903,29030,2903c01,2904,2905,2906,2907,2908
29084,29085c01,2909,29096,2910,29109,29110,29111,29115,29117a,29117b,29119
29120,29125c01,2913c01,2916,29161,2916d01,2917,2917d01,2918,2919,2920,2921
29211,29219,2922a,2922b,2923,2924ac01,2924ac01d01,2924bc01,2924bc01d01,2924bc02,2924bc02d01,2926
2927,29272,2928,2928c01,2928c02,29303,29304,29335,2937,2943ac01,2943bc01,2944c01
2944c02,2947bc01,2950,2951,2952,29580,29592,2959bc01,29601,29602,29630,29632
29633,29634,29635,29636,29685,2972,2973c01,2975,2978,2984,2985,2985c01
2986ac01,2989,2991,2994,2995,2996,2996c01,2997,2998,2999,29ac01,29bc01
29c,29cc01,3,30000,30002,30007,30008,30009,3001,30010,30014,30016
30018,3001b,3001d0c,3002,30022,30027a,30027ac01,30027b,30027bc01,30027c,30027d,30028b
30029,3002d03,3003,30030,30031,30033,30034,30035,30036,30037,30039,3004
30041,30042,30043,30044,30045,30046,30048,3004d0u,3005,30055,30056,30057
30058,30059,3005d0b,3005d0c,3005d0f,3005d0g,3006,30060,30061,30062,30063,30065
30068,30069,3007,30070,30071,30072,30073,30074,30075,30076,30077,30078
30079,3008,30082,30083,30084,30085,30088,30089a,30089b,3009,30090b,30091
30092,30093,30094,30095,30097,30099,3010,30100,30101,30102,30103,30104
30104k01,30104k02,30105,30106,30109,3010d0q,3011,30110,30112b,30113,30114,30114c01
30115,30116,30117,30118,30119,30120,30121,30124b,30125,30126,30127,3013
30130,30131,30132,30133,30134,30135,30136,30137,30138,30139,30140,30141
30144,30145,30147,30148,30149,30150,30151a,30151b,30152a,30152ap01,30152ap02,30153
30154,30155,30155c01,30156,30157a,30157b,30158,30158c01,30159b,30159bc01,30161,30162
30163,30165,30166,30168b,30169,3017,30170b,30171b,30172,30173a,30173b,30174
30175,30175c01,30176,30177,30179,3017c01,3018,30180,30180p01,30181,30182,30183
30184,30185,30185c01,30185c02,30185c03,30185c04,30185c05,30186,30187c01,30187c03,30187c04,30187c05
30187c06,30189,30190,30190c01,30191,30191-f2,30191-f3,30192,30193,30194,30195,30198
3020,30200,30201,30202,30208,30209,3021,30210,30211,30212,30213,30214
30215,30216,30218-f1,30218-f2,30219,3022,30222,30223,30224,30225b,30226,30228
30229,30234,30235,30236,30237,30238,30239,3023a,3023b,3024,30240,30244
30246,30248,30249,30250,30251,30255,30256,30258,30259a,3026,30260,30261
30262,30263,3027,30271,30272,30273,30274,30275,30276,30277,30278c01,3028
30283,30284,30285,30286,30287,30288,3029,30292a,30293,30294,30294c01,30295
30296,30299,303,3030,30300,30303,30304,3031,3032,30320,30321,30322
30323,30324,30325,3033,30332,30337,30338,30339,3034,30340,30342,30343c01
30343c02,30344,3035,30350a,30350b,30350c,30355,30356,30357,30358,30359a,30359b
3036,30360,30361a,30361d,30363,30364,30365,30366,30367a,30367b,30367c,30368
30369,3037,30370,30371,30372,30372d01,30373,30374,30375,30375cs0,30375cs1,30375cs2
30375cs3,30376,30377,30378,3038,30380,30381,30382,30383,30384,30385,30386
30387,30388,30389a,30389b,30389c,3039,30390,30391,30394,30395,30396,30397
30398,30399,303c01,30400,30401,30402,30407,30408,30409,3040a,3040b,3040bdy0
3040bdy1,3041,30413,30414,3042,3043,3044a,3044b,3044c,3045,30456,30459
3046,30460,30460c01,30461c01,30461c02,30464,30473,30475,30477,30478,30480,30483
30485,30488,30489,3048a,3048b,30491,30492,30497,30499,3049a,3049b,3049c
3049d,304c02,304c03,304c04,304c06,304c07,304c08,30503,30504,30505,30516c01,30516c02
30517,30520,30526,30529,30529c01,30530,30536,30540,30541,30552,30553,30554a
30554b,30561,30562,30565,30584a,30584b,30585a,30585b,30586,30587c01,30587c01p01,3058a
3058b,30592,30593,30601,30602,30603,30608,30613,30614,30620,30622,30624
30625,30626,3062a,3062b,30632,30633,30635,30636,3063a,3063b,30640,30640c01
30640c02,30642,30643,30644,30645,30646,30647,30648,3065,30650,30657,30658
3066,30663,30668,3067a,3067b,3068a,3068b,30699,3069a,3069b,3070a,3070b
30741,3081ac01,3081bc01,3081cc01,30838,30841,3087ac01,3087bc01,3087c,3087cc01,309,30924
30925,30935,30938,30987,31000,31001,31002,31007,31012,31021,31022,31023
31043,31059,31061,31066,31074,31110,31111,31148,31149,31170,31171,3118
31191,31195,31213b,31215,3127a,3127b,3130,3131,31330,31333,3134,3135
3136,3137,3137c01,3137c02,3137c03,3137c04,3137c05,3139b,3144,3145,31452,31459
31460,31465,3148,31493,3149d,3149e,3149ec01,314d,31510,31511,31520,31561
31570,31576,31584,31593,3160,3161,31622,31623,31624,31625,3167,3170
3171,3172,3176,3176c01-f1,3176c01-f2,3177,31794,3183a,3183b,3183c,3184,3187
3188,3189,3190,3191,31925,3192a,3193a,3194,3195,31959,31990,31ac01
31bc01,31cc01,32000,32001,32002,32003,32004a,32004b,32004bc01,32005,32006,32007
32008,32009,3201,32012,32013,32014,32015,32016,32017,32018,32019,32020
32023,32026c01,32026c02,32027,32028,32034,32039,32054,32056,32057c01,32059,32060
32062,32063,32064b,32064c,32064d,32065,32068,32069,32072,32073,32076,32077
32078,32079,32083,32084,32085,32086,32087,32089,32090,32123a,32123ac01,32123b
32125,32126,32132,32137,32140,32146,32166,32167,32170,32171,32172,32173
32174,32175,32177,3218,32180,32181c05,32183c02,32184,32185,32186,32187,32188
32189,32190,32191,32192,32193,32196,32198a,32198b,32199,32200,32201,32202
32203,32204,32205,32206,32207,32208,32209,3221,32210,32211,32212,32214
32218,32219,32220,32221,32225,32227,32229,32230,32235,32239,32242,32247
32249,32250,32251,32270,32271,32272,32273,32274,32276c01,32276c02,32278,32289a
32289b,3228a,3228ac01,3228ac02,3228b,3228bc01,3228bc02,3228c,32291,32293,32294,32296
32298,3229a,3229ac01,3229ac04,3229bc04,322c01,322c02,323,3230a,3230b,32310,32311
32316,3231a,3231b,32324,3233,32333,32348,32373,3240a,3240ac01,3240ac02,3240c
3241a,3241ac04,3241b,32439,32449,3245a,3245b,3245c,32474,32476,32482,3249
32494,32495,32495c01,32496,32506,3251,32523,32524,32525,32525d01,32526,32527
32528,32529,32530,32531a,32531b,32533,32534,32535,32551,32552,32555,32556a
32556b,32557,32558,32559,32576,32577,32578,32580,32602,32606,32607,3262
32627,3263,32643,32739,3277,32802,32803,32807,32828,32905,32932,32952
3297,3298,3299,32ac01,32bc01,32cc01,3300,33008,33009-f1,33009dm0,33011a,33011b
33011c,33025,33029,33031,33031c01,33036c01,33036c02,33037c01,33037c02,33048,33048c01,33051
33054,33057,33061,33062,3307,33078,33085,33088,33089,3308a,33120,33121
33122,33125,3314,3315,33160,3317,33172,33172c01,33172c02,33172c03,33172c04,33176
33183,33195,33207,33211,33212,33213,33215,33216,33227,33230,33243,3324d
3324e,3324ec01,33267bc01,33267c01,33268c01,3326a,3326b,33279,33286,33287,33291,33298
33299a,33299b,33303,33320,33322,3334,33340,33341,33449,33464,3347,3349
33492,3350,3350d01,3351a,3351b,3359,335c01-f1,335c01-f2,3383,3384,33847,3386
3387,3388,3389,33909,3395,3396,3399,33ac01,33bc01,33cc01,3403,3403c01
3404,3404cc01,3404cc02,3404ec01,3404ec02,34103,3417,34172,34173,34277,342c01,3430
3430c00-f1,3430c00-f2,3430c01-f1,3430c02-f1,3430c03-f1,3431,3433,34335,34337,3436,3437,34412
34412p01,3443ac01,3443ac02,3443ac03,3443ac04,3455,3456,3460,3461,3462,3464b,3464c01
3464c02,3464c03,3468c01,3470,3471,34732,34738,3474,3475a,3475b,3477,3479
3480,3481,34816,3482,3482c01,3482c02,3482c03,3482c04,3482c05,3483,3484,3486
3487,3488,3491,3492c01,3492c02,3496c01,3496c02,3497,3498,34993,34993c01,35
35007,35010,35011,35011c01,35014,35014c01,35015,35016,35016c01,35017,35017c01,35018
35019,35019c01,35020,35020c01,35032a,35032b,35032d,35032e,35032f,35039,3504,35044
3505,35103,35114,35132,35154,35157,35161,35162,35164,35185,35186,35189
3519,35194,35195,35197,35199,35199c01,35243,35248,35256,35257,35262,35265
35274,35275,35277,35298,35299,35320,35323,35327,35331,35334,35337,35338
35339,35343,35344,3535,3536,35365,35366,35371,35378,3538,35380,35381
35382,35386,35388,35390,35394,35395,35396,35398,35403,3544,35442,35443
3545,35458,35459,35463,35464,35470,35473,35477,35480,35485,35494,35530
35533c01,35538c01,3556,35563,35565,35574,35578,35579,35608,3563,35635,35646
35649,3565,35654,35660,3567,35692,35699,3570,35700,35700d01,35701,35709
3571,35714,3572,3573,35743,35756,35757,35759,35779,35787,35789,3579
35809,3581,3582,3585,3586,35860,3587,3587d01,3587d02,3590,3596,35960
35962,35967,3597,35c01,36,36017,36036,36037,36069a,36069b,36083a,36083b
36083c,36083d,36083e,36083f,3612,3613,3614a,36187,36198,3622,3622d0f,3623
3624,3625,3626a,3626b,3626bpc42,3626c,3627,3628,3629,3634,3639,3640
3641,3644,3645,36451a,36452,3647,3648a,3648b,3650a,3650b,3650c,3651
3652,3659,3660b,3661,3664,3665a,3665b,3666,3668,367,3673,3675
36752a,36752b,36752c,36752c01,36752c02,36756,3676,36762,3677c01,3678a,3678b,3678bp4x
3679,3680,36806,3680c01,3680c02,36840,36841,3684a,3684c,3685,3688,3691
3700,3701,3702,3703,3704,3705,3705c01,3706,3707,3708,3709a,3709b
3709c,3710,3711,3712,3712c01,3712c02,3712c03,3713,37178-f1,37178-f2,37191,37191c01
37195,3729,37297,3730,37308,37308c01,3731,37312,37312c01,37316,37316c01,37341a
37341b,37341c,37341d,37341e,37352,3736,37364,37365,37366,3737,3737c01,3738
37383,37383c01,3739,3739c01,374,3740,3741a,3741ac01,3741ac02,3741ac03,3741ac04,3741ac05
3741ac06,3742,3742c01,3743,37452,37461-f1,37461-f2,37467-f1,37467-f2,3747a,3747b,3749
37493,37494,3754,3755a,3755b,3757,3759,37614,3762,3766,37681,37695
37702,37702c01,37704,37720a,37720b,37720c,37720d,37720e,3776,37762,3777,37775
37776,37777,37777c01,37779,3778,37783,3779,37822,37837,37846,3787,3788
3794a,3794b,3795,37993,38014,3803,3808,3811,3813,3815b,3816c,3817c
3818,3819,3820,3821,3822,3823,3829c01,3830,38301,38301c01,38301c02,3831
38317,3831d01,3832,38320,3833,38339,38339c01,38339c02,3834,38340,3835,3836
3837,3838,3839a,3839b,384,3840,3840d09,3841,3842a,3842b,3842c,3843
3844,3846,3847,3848,3849,3850,3853,3854,38541,38547,3855a,3855b
3855bd03,3856,3857,38583,38585,385a,3861a,3861b,3861c,38622,38628,3863
38630,3865,3867,38708,3873,3876,3878,38798,38799,38800,38801,3884
3885,3886,3888ac01,3888ac02,389,3890,3890c01,3890c02,3890c03,3890c04,3890c05,3890c06
3890c07,3894,3895,3896,3897,3898,3899,3900,3901,39144,3916,3917
3918,39199,39262,39266,3933,3934,3935,3936,39367,39367p01,39367p02,3937
39370,39370c01,3938,3939,3940a,3940b,3940c,3941,3942a,3942b,3942c,3943a
3943b,3947,3956,3957a,3957b,3958,3959,3960,3961,39611,39613,3962a
3962b,3963,397,39739,39742,39767,39789,39790,39793,39794,39796,39802
3982,39888,39893,3995,3996,3998a,3998b,3999,400,4000,40001,4000c01
4003,4003c01,4006,40066,4019,4022,4022c01,4022c02,4023,40232,40233,40234
40235,40239,4023c01,4023c02,40240,40241,40242,40243,40243c01,40244,40249,40251
40253,4032a,4032b,4033,40339,4034,40340,40341,40344,4035,40359a,40359c01
4035c01,4036,40373,40374,40378,40379,40386,40395,40396,40397,4041,4042
4045b,40490,40527,40554,40574c01,40582,40598a,40598b,40598c,40598d,40620,40666
4066a,4066b,40687,4070,4070dy0,4071,4072,4079,4080,4081a,4081b,4082
4083,4084,4085a,4085b,4085c,4086,4088a,4088b,4089,40902,4093a,4093b
4093c,40940,40942,4094a,4094b,4095,40996,41014c01,4106b,412,41202,4121
41239,4130,4131,4132,4133,41334,41355-f1,41355-f2,41357,4143,41475-f1,41475-f2
41486,4150,4151a,4151b,4151c,41529,41530,41531,41532,41533,41535,41539
4156,4158,4159,4161,41612,4162,41630,41659,41663,41665,41666,41667
41668,41669,4166a,4166b,41670,41671,41672,41677,41678,41679,4168,41681
41682,4169,4170c01,4171,41732,41740,41747,41748,41749,4175,41750,41751
41752,41753,4176,41761,41762,41763,41764,41765,41766,41767,41768,41769a
41769b,41770a,41770b,4178,4180c01,4180c02,4181,41811,41812,41815c01-f1,41815c01-f2,41817
41818,4181c01,4182,41823,4183,41835,41838,41850,41854,41855,4185a,4185ac01
4185b,4185bc01,4186,41862,4187,41879a,41879b,41880,41881,41883,41889,41889c01
41889c02,41890,41893,41895,41896,41896c01,41897,4190,4192,41944,41948,4196
41969,4197,41970,41978,4198,41989,4199,420,42003,4201,42013,42019
4202,42020,42021,42022,42023,42025,4204,42042a,4206,42060,42061,42073c01
42074,4207a,4207b,4208,42090,42090p01,42093,4209b,420c01-f1,420c01-f2,421,42109
4210a,4211,42114,42114c01,42114c02,4212a,4212b,4213,42135,4214,4215a,4215ad0b
4215ad0i,4215b,4216,4217,4218b,42195,4219b,422,42205,4220a,4220ac01,4220b
4221,4222a,4223,42234,42235,42236,4228,42284,42291,4231,4234,4237
4238,42409,42443,42444,42445,42446,42448,42450c01,4247a,4248,425,42509
42511,42511c01,42511c02,42511c03,42511c04,42511c05,42511c06,42511c07,42529,42531,42534,4253c01
42545,4257,4258,4259,42590,42602,42603,42604,42607,42608,42609,4261
42610,42610c01,42610c03,42611,4262,4263,42657,4265a,4265ac01,4265ac02,4266,4266c01
4266c02,4267,4268,42687,42688,42716,42716c01,4274,4275a,4275b,4276a,4276b
42819,4282,4284,4285a,4285b,4286,42862,4286ds1,42876,4287a,4287b,4287c
4288,4289,42918,42924,42936,42938,4294,42941,42942,429c01,429c02,429c03
43030,4304,43056c01,43058,43060,43085,43086,43093,43097-f1,43121,43123,43127
4315,4318,4319,43220,43221,4323,4324,4325,4327,4328,4330a,4331
4332,43337,4334,4336,43363,43368,43369,4337,43370,43373,43374,433c01
433c02,4341,43418-f1,43418-f2,4342,43450,4345a,4345ad01,4345ad02,4345b,4346,43464
4347c01,4349,4350,4351,4360,4362ac01,4367,43693,43702,43708,43710,43711
43712,43713,43719,43720,43721,43722a,43722b,43723a,43723b,43741-f1,43741-f2,43743-f1
43743-f2,43743-f3,43744,43745,43746,4375,43750,43751,4378a,4378b,43802,43857
43887,43888,43891,43892,43894,43898,43899,43900,43903-f1,43936,43967,43979
44041,44042,44079-f1,44079-f2,4410,4412,44126,4413,44135,44136,44137,44148
44224,44225,44237,4424,4429,44292,44293,44294,4430,44301a,44301b,44302a
44302b,44308,44309,44336,44341,44342,44343,44350,44351,44352,44353,44358
44359,44360,4437,44375a,44375b,4438,4439,4440,4442,4444,4445,4448
4449-f2,44493,4450,44511,4452,44524,4455,44553,44556,44567a,44567b,44568
44570,44571,44572,4459,44590,4460a,4460b,4461,4463,44658,44658c01,4466
44661,44665,44666,4467,44670,44674,44675,44676a,44676b,4468,4469,44709
44728,4474,44740,4475,4477,44771,44772,44772c01,44772c02,44773,44775,4478
4478p03,4478p04,44790,44799,4479a,447c01,448,44809,4480c01,4480c02,4480c03,4480c04
4480c05,44810,44811,44817,44822,4483,44848,44852,4485b,44861,44865,44874
4488,44882,4489a,4489b,4490,4491a,4491b,4492,44936,44937,44938,4493c00
4494c01,4495a,4495b,4496,4497,4498,4499,45,4500,4503,4504,4505a
4506,4506c01,4507,4508,4508c01,4509,4510,45106,4511,4512,4514,45141
4515,4515d06,4517,45176,4518a,4518ac01,4518b,4519,451b,4522b,4523,4524
4526,4527,45274,45275,4528,4529,4530,45301,4531,4532,4533,45337
4534,45341,4535,4536,45360c01,453ac01,453bc01,453cc01,45406,45406c01,45406c02,45406c03
45407,45408,45410,45411,45417,4543,4544a,4544b,45473,45481,4549,455
45505,45575,45590,45677,4569,45695,457,45705,45706,45707,45708,45729
45749,45755,458,4585,4586,4587,4588,4589,458c01,4590,4591,45917
45918,4592,4593,4594,4595,4596,4597,4598,45982,4599a,4599b,4600
4607,4608,4609,4610,4610c01,4611,4612,4613,4613c01,4614c01-f1,4614c01-f2,4616a
4616ac01,4616b,4617a,4617b,4618,46189,4618c01,4619,46212a,46224c01,4623,4624
4624c01,4624c02,4624c03,4624c04,4624c05,4625,4626,4628,4629,46296,46303,46304
46305,46309,46334,46334c01,46335,46342,46361,46413,46434,46481,46490c01,46490c02
46524,46534,46537,46564,4663,46667,4672a,4672b,46834,46835,46882,46891
4692c01,4697a,4697b,4698,4700,4707bc01,4707bc02,4707c05,47115,47116,47117,47122
4714,4715,47154c01,4716,4719,47198,47199,4719c01,4719c02,4719c03,4720,47200
47203,47204,47205,47206,47207,47224c01-f1,47224c01-f2,4727,4728,4729,47296,47297
47298,47299,4730,47300,47306,47314,4732,47326p01,47326p02,47326p03,47328,4733
47330,4736,4737,47373-f1,47373-f2,47373-f3,47373-f4,47376,4738a,4738b,47392,47393
47394,47397,47398,4739a,4739b,4740,47404,47405,47406,47407,4741,4742
4743,47431,47432,4744,4745,47452,47453,47454,47455,47456,47457,47458
4746,4747,47474,4748,4750,47501,47506,47507,47510,47511,4751a,4751b
4751c,47543,4755,4757,47576,4758,47592,47592c01,4760c01,4760c01d01,4760c01d02,4760c01d03
4760p01c01,4761,47674,47674c01,47675,47676,4770,47712,47713,47720,4774c01,47753
47755,47757,47758,47759,4779,4780c01,4781,4782,4783,4784,47843,47844
47846,47847,47855,4788,4789,4789c01,4790,47904,47905,4790c01,4790c02,4790c03
4790c04,4791,4792,4793,4794a,4794b,47972,47973,47974,47975,47976,47990
47991,47993,47994,47996,47998,48005,4809,48092,48093,48138,48147,48156
48165,48169,48170,48171,48172,48183,48201,48202,48203,48205,48208,48245
48245c01,48245c02,48267,48287,48288,48298,48310,48336,4839,4841,48411,4842
4843,4844a,4844b,48452,48454,48457,48489,48490,48492,48493,48494,48495
48496,4854,4855,4856,4857,4858,4859,486-f1,4861,4862,4863,4864a
4864b,4865a,4865b,4866,4867,4868a,4868b,4869,4870,4871,4872,48723
48724,48729a,48729b,4873,4874,4874c01,4875,4876,48812,4882,4890,4891
4892,4893,48933,4894,4895,48989,48995,49059,49097,49098,4911,4912
4913,49130,49153,4920,49242,49242p01c01,49283,49294,49294c01,49307,49308,49309
49311,49465,49492,49546,49556,49570,49577,49588,49595a,49595b,49595c,49595d
49595e,49595f,49595g,49612,49618,49649,49649c01,49661,49668,49673,49699,49731
49736,49737,4974,49743,49743c01,497c01,498,4988,49949,499c01,50015,50018a
50018b,50018c,50018d,50018e,50018f,502,50231,50231c01,50231c02,50254,50303,50304
50305,5032,50335,50337,50340,50373,50384,50407,50408,50450,50451,505
506,5065,5066,50665,50687,50745,50746,50747,50820,50821,50858,50859a
50859ac01,50859b,50859bc01,50860,50860c01,50861,50862,50862c01,50898,50899,509,5090
50900,50901,50903,50904,5091,50914,5092,50920,50921,50923,50925,5093
50943,50944,50944c01,50944c02,50945,50946,50946p01,50947,50948,50949,5095,50950
50950dy1,50950dy2,50950dyb,50950dyc,50951,50955,50956,50965,50967,50986,50990a,50990b
509c01-f2,510,51000,51011,5103,511,51149,5117,5118,5119,511c01,512
5120,51239,5124,51260,51261,51262,51266,51270,51283,51288,51342,51344
51345,51349,51373,51377,51377c01,51377c02,51378,51482,5152,51542,5156,51560-f1
51560-f2,51595,51641,51642,51643,51644,51645,51663,51695,51697,51698,51702
51703,51704,51705,51706,51708,51723,51725,51732,51739,5175,518,51809
51858,51874,51930,52031,52035,52035c01,52036,52037,52038,52041,52107,5215
52211,52214,52215,52216,52258,5234,52345,52394,52395,5241,52494,52501
52572,52572c01,5258,5259,5260,52629,52639,5264,52668,52730,52731,52901
5294,52985,53075,53118,53119,53126,53168-f1,53168-f2,53178,53184-f1,53184-f2,53293
5330,5331,53400,53400c04,53401,53450,53450c01,53451,53452,53454,53475,53500
53527,53528,53531,53531c01,53540,53543,53550,53551,53585,53586,53588,53788
53983,53992-f3,54090,54779c01,54779c02,55237f,55237l,55817,561c01,57046a,57792,58088
58176,58827,600880c01,6014a,60219,6043,604615,60483,6055,60608,6061a,60640
60797c02,61068,61183,61190a,61199c01,6127,61678d03,61896,6215,62531,62701,63278
63522,63864,6395,6413,646bc01,65109,65128,65273,65509,6579,6580a,6584d01
6584d03,66788,67100k01,67196-f2,67196k04,67338,67697,68577,6936,70501,70501d,70644
7069,709,710,71194,71958,71965-f1,72633,73200b-f2,73230,73355p02,73696c04,74746
74981-f1,75350,76409,76454c02,76796,7769,77834-f1,7930,79717p03-f2,79987,80015,80271
803,80683,822ac01,827,84638,84867,85545,85940,87614,87653,87993,89648c01
89953p02,89954,92011,92013,92220,92262,92709c01,96828,98366,98989,99240,99798-f2
ms1040,t1040,t1052c09,t1060c01,u1851,u609,u66,u8004d,u8019,u8026,u9102p08,u9107p01c01
u9108p01c01,u9147p03c01,u9310c08,u9490c01,u9529-f2
